0 7.96608
1 -0.862069
2 -0.166667
3 -1
4 7.96604
5 -0.862069
6 -0.500001
7 101325
8 7.96599
9 -0.862069
10 -0.833334
11 101325
12 7.62699
13 -0.862069
14 -0.833334
15 101325
16 7.62697
17 -1.2069
18 -0.833334
19 101325
20 7.96598
21 -1.2069
22 -0.833334
23 101325
24 8.30499
25 -1.2069
26 -0.833334
27 101325
28 8.305
29 -0.862069
30 -0.833334
31 101325
32 7.28804
33 -0.862069
34 -0.500001
35 101325
36 7.62704
37 -0.862069
38 -0.500001
39 101325
40 7.62703
41 -1.2069
42 -0.500001
43 101325
44 7.28803
45 -1.2069
46 -0.500001
47 101325
48 7.2881
49 -1.2069
50 -0.166668
51 101325
52 8.30503
53 -0.862069
54 0.500001
55 101325
56 7.96604
57 -0.862069
58 0.500001
59 101325
60 7.62704
61 -0.862069
62 0.500001
63 101325
64 8.64403
65 -0.862069
66 -0.500001
67 101325
68 8.30503
69 -0.862069
70 -0.500001
71 101325
72 8.30503
73 -1.2069
74 -0.500001
75 101325
76 7.96603
77 -1.2069
78 -0.500001
79 101325
80 7.96603
81 -1.55172
82 -0.500001
83 101325
84 7.62703
85 -1.55172
86 -0.500001
87 101325
88 7.62709
89 -1.55172
90 -0.166668
91 101325
92 7.62709
93 -1.2069
94 -0.166667
95 101325
96 8.64405
97 -1.2069
98 -0.166667
99 101325
100 8.64402
101 -1.2069
102 -0.500001
103 101325
104 8.30506
105 -1.2069
106 -0.166667
107 101325
108 7.96608
109 -1.2069
110 -0.166667
111 101325
112 7.96608
113 -1.55172
114 -0.166667
115 101325
116 8.30506
117 -1.55172
118 -0.166667
119 1.68162e+07
120 8.30502
121 -1.55172
122 -0.500001
123 101325
124 8.30506
125 -1.55172
126 0.166667
127 1.68162e+07
128 8.30507
129 -1.2069
130 0.166667
131 101325
132 8.30503
133 -1.2069
134 0.500001
135 101325
136 7.96603
137 -1.2069
138 0.500001
139 101325
140 7.62703
141 -1.2069
142 0.500001
143 101325
144 7.62709
145 -1.2069
146 0.166667
147 101325
148 7.96608
149 -1.2069
150 0.166667
151 101325
152 7.96608
153 -1.55172
154 0.166667
155 101325
156 7.62709
157 -1.55172
158 0.166668
159 101325
160 7.2881
161 -1.2069
162 0.166668
163 101325
164 7.62709
165 -1.55172
166 0.166668
167 101325
168 7.96608
169 -1.2069
170 0.166667
171 101325
172 8.64405
173 -1.2069
174 0.166667
175 101325
176 7.96608
177 -1.2069
178 0.166667
179 101325
180 7.96608
181 -1.55172
182 0.166667
183 101325
184 7.96608
185 -1.55172
186 0.166667
187 101325
188 7.96608
189 -1.2069
190 0.166667
191 101325
192 8.30506
193 -1.55172
194 -0.166667
195 1.68162e+07
196 8.30507
197 -1.2069
198 0.166667
199 101325
200 8.64405
201 -1.2069
202 0.166667
203 101325
204 8.30506
205 -1.2069
206 -0.166667
207 101325
208 8.30507
209 -1.2069
210 0.166667
211 101325
212 7.96608
213 -1.2069
214 0.166667
215 101325
216 7.62709
217 -1.2069
218 0.166667
219 101325
220 7.96608
221 -1.2069
222 -0.166667
223 101325
224 7.62709
225 -1.2069
226 0.166667
227 101325
228 7.96608
229 -1.55172
230 -0.166667
231 101325
232 7.62709
233 -1.55172
234 0.166668
235 101325
236 8.30502
237 -1.55172
238 -0.500001
239 101325
240 7.96608
241 -1.55172
242 -0.166667
243 101325
244 7.96608
245 -1.2069
246 -0.166667
247 101325
248 8.64402
249 -1.2069
250 -0.500001
251 101325
252 8.30502
253 -1.55172
254 -0.500001
255 101325
256 8.30506
257 -1.2069
258 -0.166667
259 101325
260 8.64402
261 -1.2069
262 -0.500001
263 101325
264 7.62703
265 -1.2069
266 0.500001
267 101325
268 7.96603
269 -1.2069
270 0.500001
271 101325
272 8.30503
273 -1.2069
274 0.500001
275 101325
276 7.96604
277 -0.862069
278 0.500001
279 101325
280 7.62709
281 -1.2069
282 -0.166667
283 101325
284 7.2881
285 -1.2069
286 0.166668
287 101325
288 7.96603
289 -1.2069
290 -0.500001
291 101325
292 7.62703
293 -1.55172
294 -0.500001
295 101325
296 7.62709
297 -1.2069
298 -0.166667
299 101325
300 7.28803
301 -1.2069
302 -0.500001
303 101325
304 7.62704
305 -0.862069
306 -0.500001
307 101325
308 8.30503
309 -0.862069
310 -0.500001
311 101325
312 8.30503
313 -0.862069
314 -0.500001
315 101325
316 8.30503
317 -1.2069
318 -0.500001
319 101325
320 7.96603
321 -1.2069
322 -0.500001
323 101325
324 7.62703
325 -1.2069
326 -0.500001
327 101325
328 7.62704
329 -0.862069
330 -0.500001
331 101325
332 7.62699
333 -0.862069
334 -0.833334
335 101325
336 8.305
337 -0.862069
338 -0.833334
339 101325
340 7.96598
341 -1.2069
342 -0.833334
343 101325
344 7.62704
345 -0.862069
346 -0.500001
347 101325
348 8.30503
349 -0.862069
350 -0.500001
351 101325
352 7.96603
353 -1.2069
354 -0.500001
355 101325
356 7.96608
357 -1.2069
358 -0.166667
359 101325